device: NVIDIA GeForce RTX 4070 Ti SUPER  SMs=66  L2=48 MB

====================================================================================================
cfg 10  H=2 hd=64  S=128   B=64  grid at BM=128 -> 128 CTAs on 66 SMs
  arms swept: 5 single-tile, 48 looped, 1 sdpa   (derived single tile: (32, 4, 1))
====================================================================================================
  arm                                 flushed us    hot us   regs  spill    smem
    looped(64, 32, 4, 4)                  19.648     9.109    122      0   32768  <- best hot for its form
    looped(64, 32, 4, 2)                  18.432     9.488    116      0   16384
    looped(128, 32, 8, 3)                 19.456     9.591    121      0   32768
    looped(64, 32, 4, 3)                  19.456     9.607    122      0   24576
    looped(128, 32, 8, 2)                 19.456     9.687    124      0   24576
    looped(64, 16, 4, 3)                  19.456     9.873     95      0   16384
    looped(64, 16, 4, 2)                  21.504     9.933     92      0   12288
    sdpa+repack()                         25.600     9.987      0      0       0  <- best hot for its form
    looped(64, 16, 4, 4)                  19.456    10.107     92      0   20480
    looped(128, 32, 8, 4)                 20.480    10.130    121      0   40960
    looped(128, 64, 4, 2)                 21.504    10.143    255      0   32768
    looped(128, 32, 4, 2)                 19.456    10.300    186      0   24576
    looped(64, 32, 2, 2)                  20.480    10.448    184      0   16384
    looped(128, 16, 8, 3)                 19.392    10.545     95      0   24576
    looped(128, 16, 8, 2)                 20.480    10.610     94      0   20480
    looped(128, 16, 8, 4)                 18.432    10.616     95      0   28672
    looped(64, 16, 2, 2)                  20.320    10.624    172      0   12288
    looped(32, 16, 2, 2)                  23.552    10.735    101      0    9216
    looped(128, 64, 4, 3)                 23.552    10.786    255      0   49152
    looped(64, 16, 2, 3)                  20.448    11.117    168      0   16384
    single_tile(32, 4, 1)                 22.528    11.189     96      0   24576  <- best hot for its form
    looped(128, 16, 4, 2)                 21.504    11.208    163      0   20480
    looped(128, 16, 4, 4)                 19.456    11.210    168      0   28672
    looped(128, 32, 4, 3)                 20.480    11.225    243      0   32768
    looped(128, 64, 8, 4)                 23.552    11.262    166      0   65536
    looped(128, 16, 4, 3)                 18.432    11.315    168      0   24576
    looped(128, 64, 8, 2)                 22.528    11.317    169      0   32768
    looped(64, 16, 2, 4)                  19.456    11.328    168      0   20480
    looped(128, 64, 8, 3)                 23.552    11.329    166      0   49152
    single_tile(32, 8, 1)                 22.528    11.384     59      0   24576
    looped(128, 32, 4, 4)                 22.336    11.450    243      0   40960
    looped(64, 32, 2, 3)                  20.480    11.556    236      0   24576
    looped(32, 16, 2, 3)                  22.528    12.158    114      0   13312
    looped(64, 32, 2, 4)                  22.528    12.423    236      0   32768
    single_tile(32, 2, 1)                 25.600    13.084    164      0   24576
    looped(32, 16, 2, 4)                  23.552    13.730    114      0   17408
    looped(128, 16, 2, 3)                 21.504    14.205    255      0   24576
    single_tile(16, 4, 1)                 27.488    14.207     80      0   20480
    looped(64, 32, 8, 3)                  23.552    14.738    121      0   24576
    looped(128, 64, 4, 4)                 26.624    14.825    255      0   65536
    looped(128, 16, 2, 2)                 21.504    14.831    255      0   20480
    looped(64, 32, 8, 2)                  25.600    14.962    122      0   16384
    looped(64, 32, 8, 4)                  22.496    15.093    123      0   32768
    looped(128, 16, 2, 4)                 23.552    15.121    255      0   28672
    looped(32, 16, 4, 4)                  24.576    15.342     95      0   17408
    looped(32, 16, 4, 3)                  24.576    15.418     94      0   13312
    looped(64, 16, 8, 3)                  25.600    15.511     92      0   16384
    looped(32, 16, 4, 2)                  28.672    15.547     92      0    9216
    looped(64, 16, 8, 4)                  24.576    15.697     92      0   20480
    single_tile(16, 2, 1)                 28.672    16.043    150      0   20480
    looped(64, 16, 8, 2)                  29.696    16.747     92      0   12288
    looped(32, 16, 8, 2)                  35.840    26.814     80      0    9216
    looped(32, 16, 8, 3)                  31.744    26.904     80      0   13312
    looped(32, 16, 8, 4)                  33.792    29.187     95      0   17408

  regime           incumbent   best looped     ratio   verdict
  flushed             22.528        18.432    1.222x   clears DECISIVE   (incumbent = single_tile)
  hot                 11.189         9.109    1.228x   clears DECISIVE   (incumbent = single_tile)

====================================================================================================
cfg  9  H=1 hd=128 S=128   B=64  grid at BM=128 -> 64 CTAs on 66 SMs
  arms swept: 0 single-tile, 27 looped, 1 sdpa   (derived single tile: None)
====================================================================================================
  arm                                 flushed us    hot us   regs  spill    smem
    sdpa+repack()                         21.504     9.469      0      0       0  <- best hot for its form
    looped(64, 32, 4, 2)                  22.528    11.464    236      0   36864  <- best hot for its form
    looped(32, 16, 2, 2)                  24.384    12.112    168      0   17408
    looped(32, 16, 4, 2)                  24.448    13.595    122      0   17408
    looped(32, 16, 4, 3)                  24.576    14.209    125      0   25600
    looped(64, 32, 2, 2)                  29.888    14.555    255     30   36864
    looped(32, 16, 2, 3)                  25.600    14.681    168      0   25600
    looped(64, 16, 4, 2)                  24.576    15.750    203      0   26624
    looped(64, 16, 4, 3)                  23.552    15.895    203      0   34816
    looped(32, 16, 4, 4)                  23.552    15.943    125      0   33792
    looped(64, 16, 4, 4)                  24.576    16.352    203      0   43008
    looped(64, 32, 4, 3)                  23.552    16.721    238      0   53248
    looped(64, 16, 2, 3)                  27.520    16.983    255     10   34816
    looped(64, 16, 2, 2)                  31.744    17.083    255     12   26624
    looped(32, 16, 2, 4)                  24.576    17.166    168      0   33792
    looped(64, 32, 4, 4)                  25.600    17.182    240      0   69632
    looped(64, 16, 2, 4)                  26.624    17.364    255      8   43008
    looped(64, 32, 8, 3)                  26.624    19.405    167      0   53248
    looped(64, 32, 8, 4)                  27.648    19.696    166      0   69632
    looped(64, 32, 8, 2)                  30.720    20.003    168      0   36864
    looped(32, 16, 8, 3)                  28.672    22.392    102      0   25600
    looped(32, 16, 8, 4)                  28.672    22.636    102      0   33792
    looped(32, 16, 8, 2)                  33.792    23.511    101      0   17408
    looped(64, 32, 2, 3)                  35.840    26.300    255     30   53248
    looped(64, 32, 2, 4)                  34.816    26.400    255     18   69632
    looped(64, 16, 8, 3)                  36.864    31.326    165      0   34816
    looped(64, 16, 8, 4)                  37.888    31.859    166      0   43008
    looped(64, 16, 8, 2)                  45.056    32.986    169      0   26624

  regime           incumbent   best looped     ratio   verdict
  flushed             21.504        22.528    0.955x   inside DECISIVE -- no win   (incumbent = sdpa+repack)
  hot                  9.469        11.464    0.826x   inside DECISIVE -- no win   (incumbent = sdpa+repack)

====================================================================================================
cfg  1  H=4 hd=32  S=128   B=64  grid at BM=128 -> 256 CTAs on 66 SMs
  arms swept: 8 single-tile, 54 looped, 1 sdpa   (derived single tile: (64, 4, 1))
====================================================================================================
  arm                                 flushed us    hot us   regs  spill    smem
    looped(32, 16, 2, 2)                  24.576     8.566     62      0    4096  <- best hot for its form
    looped(32, 16, 2, 3)                  26.624     8.756     62      0    6144
    looped(32, 16, 2, 4)                  25.600     8.794     63      0    8192
    looped(64, 32, 4, 2)                  16.384     8.888     80      0    8192
    looped(64, 32, 4, 3)                  24.512     8.917     80      0   12288
    looped(64, 16, 4, 3)                  23.552     9.120     62      0    8192
    looped(64, 16, 4, 4)                  23.392     9.195     62      0   10240
    looped(64, 16, 2, 3)                  22.528     9.308    109      0    8192
    single_tile(64, 4, 1)                 22.528     9.404    128      0   12288  <- best hot for its form
    looped(64, 16, 4, 2)                  22.528     9.415     62      0    6144
    looped(64, 16, 2, 4)                  21.504     9.440    113      0   10240
    looped(64, 32, 4, 4)                  18.432     9.675     80      0   16384
    looped(128, 32, 4, 2)                 20.480     9.917    128      0   12288
    looped(64, 32, 2, 3)                  24.576     9.921    128      0   12288
    looped(64, 16, 2, 2)                  24.576     9.951     96      0    6144
    looped(64, 32, 2, 2)                  26.624     9.987    138      0    8192
    looped(128, 32, 4, 3)                 19.456    10.038    128      0   16384
    looped(128, 32, 4, 4)                 20.480    10.078    128      0   20480
    looped(128, 64, 8, 3)                 21.696    10.418    127      0   24576
    looped(128, 16, 4, 2)                 21.504    10.458    108      0   10240
    looped(128, 64, 8, 2)                 24.576    10.497    104      0   16384
    looped(64, 32, 2, 4)                  23.552    10.565    128      0   16384
    looped(128, 16, 4, 3)                 19.456    10.571    109      0   12288
    looped(128, 64, 8, 4)                 22.528    10.580    125      0   32768
    looped(128, 32, 8, 3)                 21.504    10.656     80      0   16384
    looped(128, 16, 4, 4)                 19.456    10.660    109      0   14336
    looped(128, 64, 4, 4)                 22.528    10.673    196      0   32768
    looped(128, 64, 4, 3)                 22.528    10.678    196      0   24576
    looped(128, 64, 4, 2)                 23.552    10.725    191      0   16384
    sdpa+repack()                         29.696    10.763      0      0       0  <- best hot for its form
    looped(128, 32, 8, 4)                 22.528    10.815     80      0   20480
    looped(128, 32, 8, 2)                 25.600    10.931     80      0   12288
    looped(128, 16, 8, 3)                 20.480    11.072     64      0   12288
    looped(128, 16, 8, 4)                 20.480    11.157     64      0   14336
    single_tile(64, 2, 1)                 24.576    11.179    255      0   12288
    looped(128, 16, 8, 2)                 22.528    11.321     64      0   10240
    single_tile(32, 2, 1)                 26.624    11.368    129      0   10240
    looped(128, 16, 2, 2)                 20.480    12.198    175      0   10240
    looped(128, 32, 2, 3)                 23.552    13.022    250      0   16384
    looped(128, 32, 2, 4)                 25.600    13.023    248      0   20480
    looped(128, 32, 2, 2)                 23.552    13.117    235      0   12288
    looped(128, 16, 2, 3)                 21.504    13.294    168      0   12288
    looped(128, 16, 2, 4)                 22.528    13.475    168      0   14336
    looped(32, 16, 4, 3)                  26.624    13.683     62      0    6144
    looped(32, 16, 4, 2)                  29.696    13.771     60      0    4096
    looped(32, 16, 4, 4)                  25.600    13.870     62      0    8192
    looped(128, 64, 2, 2)                 32.768    14.300    255     30   16384
    looped(128, 64, 2, 3)                 35.840    14.700    255     34   24576
    single_tile(32, 4, 1)                 26.624    16.158    116      0   10240
    looped(64, 32, 8, 3)                  23.648    16.158     80      0   12288
    single_tile(16, 2, 1)                 33.792    16.180     96      0   12288
    single_tile(16, 4, 1)                 33.792    16.206     56      0   12288
    looped(64, 32, 8, 2)                  25.600    16.326     80      0    8192
    looped(64, 32, 8, 4)                  23.552    16.574     80      0   16384
    looped(64, 16, 8, 3)                  26.624    16.851     62      0    8192
    looped(64, 16, 8, 2)                  30.720    17.052     62      0    6144
    single_tile(64, 8, 1)                 27.648    17.099    103      0   12288
    looped(64, 16, 8, 4)                  24.576    17.294     62      0   10240
    looped(128, 64, 2, 4)                 39.936    20.514    255     34   32768
    looped(32, 16, 8, 3)                  32.768    26.044     62      0    6144
    looped(32, 16, 8, 2)                  37.888    26.106     60      0    4096
    looped(32, 16, 8, 4)                  31.744    26.308     62      0    8192
    single_tile(32, 8, 1)                 40.128    32.575    112      0   10240

  regime           incumbent   best looped     ratio   verdict
  flushed             22.528        16.384    1.375x   clears DECISIVE   (incumbent = single_tile)
  hot                  9.404         8.566    1.098x   inside DECISIVE -- no win   (incumbent = single_tile)

